VectorCod: [2.1876156473619908, 55.5493344042181, 17.70889708350305, 2587.68327532592, 163.59390822303038, 11.612241536106005] VectorVar: [2.8735546583744735, 122.62785141098063, 135.5300150614285, 2217.2667264996103, 130.47769959894316, 138.9148871981619] Fitness: 6.0
VectorCod: [0.0, 58.03926915716079, 0.0, 4000.0, 140.63954522355252, 48.82700242039786] VectorVar: [2.8735546583744735, 122.62785141098063, 135.5300150614285, 2217.2667264996103, 130.47769959894316, 138.9148871981619] Fitness: 10.0
VectorCod: [0.49276315724305725, 40.12389897903212, 0.0, 3544.8734041395896, 28.50847882321675, 71.42287620363346] VectorVar: [2.8735546583744735, 122.62785141098063, 135.5300150614285, 2217.2667264996103, 130.47769959894316, 138.9148871981619] Fitness: 12.0
VectorCod: [1.2772678607270724, 98.92820558014915, 0.0, 4000.0, 81.76339432581392, 200.0] VectorVar: [2.8735546583744735, 122.62785141098063, 135.5300150614285, 2217.2667264996103, 130.47769959894316, 138.9148871981619] Fitness: 20.0
VectorCod: [1.9663143073756837, 200.0, 0.0, 4000.0, 39.28001579973271, 200.0] VectorVar: [1.9321781522909958, 82.45496728874336, 91.1303821273045, 1490.890146898338, 87.73320521032937, 93.40637015204403] Fitness: 25.0
VectorCod: [3.4857258897654724, 200.0, 51.531847194742376, 3710.029164226837, 66.44298966639572, 198.35501008019506] VectorVar: [1.2991965896004654, 55.44272000495103, 61.27606894239954, 1002.4745347744423, 58.991807183425465, 62.806443290234405] Fitness: 28.0
VectorCod: [3.885189532980542, 200.0, 50.94950224614118, 3759.3276758522347, 72.65156441760422, 200.0] VectorVar: [0.7163354252148292, 30.56934164368984, 33.78566358063294, 552.7323792895146, 32.52619474311092, 34.62946302404996] Fitness: 32.0
VectorCod: [3.8851891749403715, 199.99970566003955, 50.949654160651185, 3759.3308945393865, 72.65181072743232, 199.9998610838451] VectorVar: [1.0682973780918892E-5, 4.5589184030868216E-4, 5.038580328406973E-4, 0.00824310135722235, 4.850751106292251E-4, 5.164419244270649E-4] Fitness: 33.0
VectorCod: [3.8851891749380103, 199.99970565996944, 50.94965416056132, 3759.3308945390936, 72.65181072758298, 199.99986108379434] VectorVar: [2.4680775182976385E-12, 1.0532426877719189E-10, 1.164058537229541E-10, 1.9043960565687444E-9, 1.1206645263588322E-10, 1.1931309851770225E-10] Fitness: 34.0
VectorCod: [3.885189174938006, 199.99970565996924, 50.949654160560925, 3759.330894539084, 72.65181072758332, 199.99986108379463] VectorVar: [6.408765304497418E-15, 2.7349162028201196E-13, 3.022667606869323E-13, 4.945074570339179E-12, 2.909987989138756E-13, 3.0981589536124114E-13] Fitness: 35.0

